[noelle@localhost P1]$ ./p1_driver
Enter the input vector dimensionality:
2
Enter the number of patterns:
100
Enter pattern file pathname:
./example-input.text
Enter the target vector, with elements separated by whitespace:
100.0 0.0

Randomly permuted patterns:
    70.36880000    43.29330000
    89.95320000    33.69200000
    90.20940000    85.28080000
    72.21270000    89.69490000
    58.93710000    29.23000000
    97.18980000    99.33810000
    34.42770000    22.71800000
    42.08820000   -17.56840000
    69.16050000    43.33200000
    85.39420000    64.89240000
    78.97400000    64.82120000
    60.68330000    35.15540000
    58.40660000    33.55390000
    41.20080000    19.49990000
    74.49480000    29.43800000
    88.76260000    97.17060000
    97.05620000    89.01720000
   103.75240000    81.82750000
    48.07560000    50.06930000
    60.41530000    47.69890000
    40.11140000   -14.04650000
    63.06520000    68.48760000
    70.99940000    60.83270000
    39.93200000   -15.66490000
    53.83880000    32.41550000
    87.02190000    80.48340000
    55.35090000    39.91010000
    61.64780000    61.09960000
    46.24490000   -11.17190000
    80.96380000    43.05870000
   108.88070000    99.28320000
    61.67520000    53.45220000
    71.24760000    41.94160000
    88.56810000    66.09050000
    41.97020000    20.41540000
    72.21480000    80.15040000
    96.96510000    80.04520000
    58.38680000    57.14940000
    93.15090000   107.72170000
    64.19910000    59.79280000
    69.92700000    24.25910000
    82.37090000    64.07530000
    46.58160000    34.36220000
    67.12080000    28.45790000
    70.50240000    47.70760000
    89.10680000    62.09060000
    73.59800000    37.89440000
    77.19960000    55.75020000
    63.52520000    45.51520000
    56.71920000    71.47370000
    44.22900000    39.89900000
    84.78640000    55.58200000
    59.47980000    72.12500000
    73.49010000    45.22760000
    81.38430000    60.36910000
    81.80420000   105.57110000
    77.35590000    64.45770000
    84.05530000   102.00620000
    84.08540000    61.70770000
    72.77180000    53.03880000
    94.90960000    61.64650000
   103.38940000    74.36290000
    69.40640000    35.07660000
    45.03380000    42.07090000
    60.04460000    55.87140000
    60.36810000    33.45890000
    87.21370000    68.85010000
    76.83690000    52.73960000
    47.05490000    77.02640000
    70.14630000    33.90210000
    55.76110000    55.26140000
    85.34120000    68.65790000
    93.35170000    86.01860000
    55.05780000    53.63050000
    72.36780000    59.77010000
    82.64400000    62.48200000
    86.25230000    64.67530000
    62.38570000    52.79120000
    62.30440000    43.39480000
    70.35360000    47.08900000
    82.67270000    67.42730000
   105.45920000   103.99560000
    77.20260000    47.46080000
    53.14190000     1.89790000
    70.07500000    49.29920000
    66.97710000    47.10320000
    89.74410000    91.03610000
    67.00490000    38.72610000
    55.52090000    22.04600000
    52.48230000    12.00910000
    91.17510000    81.19950000
   118.12580000   120.12270000
    48.74130000    25.38830000
    73.17980000    36.36720000
    72.05900000    60.99450000
    76.18600000    52.81610000
    52.49190000    66.37340000
    66.24290000    53.58870000
    96.02640000    69.52890000
    64.48420000    27.85000000

Patterns in their original order:
    72.77180000    53.03880000
    88.76260000    97.17060000
    96.02640000    69.52890000
    39.93200000   -15.66490000
    61.67520000    53.45220000
    80.96380000    43.05870000
    58.40660000    33.55390000
    87.21370000    68.85010000
    60.36810000    33.45890000
    67.12080000    28.45790000
    82.37090000    64.07530000
    73.59800000    37.89440000
    60.68330000    35.15540000
    77.20260000    47.46080000
    55.05780000    53.63050000
    69.16050000    43.33200000
    89.95320000    33.69200000
    78.97400000    64.82120000
    60.41530000    47.69890000
    97.05620000    89.01720000
    72.21270000    89.69490000
    64.48420000    27.85000000
   108.88070000    99.28320000
    84.05530000   102.00620000
    67.00490000    38.72610000
    91.17510000    81.19950000
    62.38570000    52.79120000
    77.35590000    64.45770000
    90.20940000    85.28080000
    94.90960000    61.64650000
    63.52520000    45.51520000
    73.49010000    45.22760000
    34.42770000    22.71800000
    63.06520000    68.48760000
    85.39420000    64.89240000
    96.96510000    80.04520000
    88.56810000    66.09050000
    55.76110000    55.26140000
    47.05490000    77.02640000
    81.80420000   105.57110000
    89.10680000    62.09060000
    70.99940000    60.83270000
    40.11140000   -14.04650000
    46.24490000   -11.17190000
    70.14630000    33.90210000
    76.18600000    52.81610000
    53.14190000     1.89790000
    60.04460000    55.87140000
    97.18980000    99.33810000
    61.64780000    61.09960000
    82.64400000    62.48200000
    59.47980000    72.12500000
   105.45920000   103.99560000
    69.92700000    24.25910000
    52.48230000    12.00910000
   103.75240000    81.82750000
    55.52090000    22.04600000
    52.49190000    66.37340000
    72.05900000    60.99450000
    44.22900000    39.89900000
    48.07560000    50.06930000
    84.78640000    55.58200000
    77.19960000    55.75020000
    72.21480000    80.15040000
    85.34120000    68.65790000
    84.08540000    61.70770000
    55.35090000    39.91010000
    76.83690000    52.73960000
    81.38430000    60.36910000
    66.24290000    53.58870000
   118.12580000   120.12270000
    45.03380000    42.07090000
    89.74410000    91.03610000
    70.35360000    47.08900000
    42.08820000   -17.56840000
    70.07500000    49.29920000
    66.97710000    47.10320000
    86.25230000    64.67530000
    70.50240000    47.70760000
    58.38680000    57.14940000
    41.20080000    19.49990000
    48.74130000    25.38830000
    72.36780000    59.77010000
    82.67270000    67.42730000
    64.19910000    59.79280000
    69.40640000    35.07660000
    41.97020000    20.41540000
    73.17980000    36.36720000
   103.38940000    74.36290000
    87.02190000    80.48340000
    56.71920000    71.47370000
    93.35170000    86.01860000
    74.49480000    29.43800000
    58.93710000    29.23000000
    46.58160000    34.36220000
    71.24760000    41.94160000
    53.83880000    32.41550000
    93.15090000   107.72170000
    62.30440000    43.39480000
    70.36880000    43.29330000

Patterns in order of growing Euclidean distance from target vector:
    89.95320000    33.69200000
    69.92700000    24.25910000
    74.49480000    29.43800000
    67.12080000    28.45790000
    64.48420000    27.85000000
    70.14630000    33.90210000
    73.17980000    36.36720000
    73.59800000    37.89440000
    69.40640000    35.07660000
    53.14190000     1.89790000
    80.96380000    43.05870000
    52.48230000    12.00910000
    55.52090000    22.04600000
    58.93710000    29.23000000
    71.24760000    41.94160000
    67.00490000    38.72610000
    60.36810000    33.45890000
    73.49010000    45.22760000
    70.36880000    43.29330000
    77.20260000    47.46080000
    60.68330000    35.15540000
    69.16050000    43.33200000
    58.40660000    33.55390000
    46.24490000   -11.17190000
    70.35360000    47.08900000
    70.50240000    47.70760000
    53.83880000    32.41550000
    48.74130000    25.38830000
    62.30440000    43.39480000
    66.97710000    47.10320000
    76.83690000    52.73960000
    84.78640000    55.58200000
    70.07500000    49.29920000
    76.18600000    52.81610000
    63.52520000    45.51520000
    72.77180000    53.03880000
    55.35090000    39.91010000
    77.19960000    55.75020000
    42.08820000   -17.56840000
    40.11140000   -14.04650000
    41.97020000    20.41540000
    94.90960000    61.64650000
    41.20080000    19.49990000
    60.41530000    47.69890000
    39.93200000   -15.66490000
    89.10680000    62.09060000
    81.38430000    60.36910000
    66.24290000    53.58870000
    46.58160000    34.36220000
    84.08540000    61.70770000
    62.38570000    52.79120000
    82.64400000    62.48200000
    61.67520000    53.45220000
    72.36780000    59.77010000
    86.25230000    64.67530000
    82.37090000    64.07530000
    85.39420000    64.89240000
    88.56810000    66.09050000
    72.05900000    60.99450000
    70.99940000    60.83270000
    78.97400000    64.82120000
    77.35590000    64.45770000
    44.22900000    39.89900000
    60.04460000    55.87140000
    45.03380000    42.07090000
    34.42770000    22.71800000
    82.67270000    67.42730000
    96.02640000    69.52890000
    64.19910000    59.79280000
    55.05780000    53.63050000
    87.21370000    68.85010000
    85.34120000    68.65790000
    58.38680000    57.14940000
    55.76110000    55.26140000
    48.07560000    50.06930000
    61.64780000    61.09960000
   103.38940000    74.36290000
    63.06520000    68.48760000
    96.96510000    80.04520000
    87.02190000    80.48340000
    52.49190000    66.37340000
    91.17510000    81.19950000
   103.75240000    81.82750000
    59.47980000    72.12500000
    56.71920000    71.47370000
    72.21480000    80.15040000
    90.20940000    85.28080000
    93.35170000    86.01860000
    97.05620000    89.01720000
    89.74410000    91.03610000
    47.05490000    77.02640000
    72.21270000    89.69490000
    88.76260000    97.17060000
    97.18980000    99.33810000
   108.88070000    99.28320000
    84.05530000   102.00620000
   105.45920000   103.99560000
    81.80420000   105.57110000
    93.15090000   107.72170000
   118.12580000   120.12270000

Patterns in order of growing angular distance from target vector:
    53.14190000     1.89790000
    52.48230000    12.00910000
    46.24490000   -11.17190000
    69.92700000    24.25910000
    40.11140000   -14.04650000
    89.95320000    33.69200000
    39.93200000   -15.66490000
    74.49480000    29.43800000
    55.52090000    22.04600000
    42.08820000   -17.56840000
    67.12080000    28.45790000
    64.48420000    27.85000000
    41.20080000    19.49990000
    70.14630000    33.90210000
    41.97020000    20.41540000
    58.93710000    29.23000000
    73.17980000    36.36720000
    69.40640000    35.07660000
    73.59800000    37.89440000
    48.74130000    25.38830000
    80.96380000    43.05870000
    60.36810000    33.45890000
    58.40660000    33.55390000
    67.00490000    38.72610000
    60.68330000    35.15540000
    71.24760000    41.94160000
    53.83880000    32.41550000
    77.20260000    47.46080000
    70.36880000    43.29330000
    73.49010000    45.22760000
    69.16050000    43.33200000
    94.90960000    61.64650000
    84.78640000    55.58200000
    34.42770000    22.71800000
    70.35360000    47.08900000
    70.50240000    47.70760000
    76.83690000    52.73960000
    76.18600000    52.81610000
    62.30440000    43.39480000
    89.10680000    62.09060000
    66.97710000    47.10320000
    70.07500000    49.29920000
    63.52520000    45.51520000
   103.38940000    74.36290000
    55.35090000    39.91010000
    77.19960000    55.75020000
    96.02640000    69.52890000
    72.77180000    53.03880000
    84.08540000    61.70770000
    46.58160000    34.36220000
    81.38430000    60.36910000
    88.56810000    66.09050000
    86.25230000    64.67530000
    82.64400000    62.48200000
    85.39420000    64.89240000
    82.37090000    64.07530000
   103.75240000    81.82750000
    87.21370000    68.85010000
    60.41530000    47.69890000
    85.34120000    68.65790000
    66.24290000    53.58870000
    82.67270000    67.42730000
    78.97400000    64.82120000
    96.96510000    80.04520000
    72.36780000    59.77010000
    77.35590000    64.45770000
    62.38570000    52.79120000
    72.05900000    60.99450000
    70.99940000    60.83270000
    61.67520000    53.45220000
    91.17510000    81.19950000
    44.22900000    39.89900000
   108.88070000    99.28320000
    97.05620000    89.01720000
    93.35170000    86.01860000
    87.02190000    80.48340000
    60.04460000    55.87140000
    64.19910000    59.79280000
    45.03380000    42.07090000
    90.20940000    85.28080000
    55.05780000    53.63050000
    58.38680000    57.14940000
   105.45920000   103.99560000
    55.76110000    55.26140000
    61.64780000    61.09960000
    89.74410000    91.03610000
   118.12580000   120.12270000
    97.18980000    99.33810000
    48.07560000    50.06930000
    63.06520000    68.48760000
    88.76260000    97.17060000
    72.21480000    80.15040000
    93.15090000   107.72170000
    59.47980000    72.12500000
    84.05530000   102.00620000
    72.21270000    89.69490000
    56.71920000    71.47370000
    52.49190000    66.37340000
    81.80420000   105.57110000
    47.05490000    77.02640000

PCA projected patterns in their original order:
    -0.04984013     1.63582876
    46.21171267    -6.31339689
    25.78887070    13.67994939
   -76.00190700     7.10706229
    -5.18309035    -8.21075305
    -4.66688763    13.69377769
   -24.09080125    -1.20186175
    20.83705211     6.35847800
   -23.20246876     0.54952988
   -24.20552649     8.89236114
    14.29114458     4.51388550
   -12.80003957     9.84971166
   -21.57234677    -0.01630189
    -2.70352516     8.24673100
    -8.30356247   -14.04894004
   -10.27166598     3.30248117
    -8.35625766    26.14098341
    13.25790993     1.19308400
   -10.80580803    -6.45779705
    43.23219433     4.92867601
    31.52432641   -16.99356380
   -26.03876947     6.90228020
    58.00518385    10.12178075
    48.08345932   -12.79708913
   -15.34073727     3.70922734
    33.52835139     3.68802992
    -5.40576625    -7.26621787
    12.14115346    -0.03298078
    36.59664919     0.82881066
    18.38698364    16.61108226
   -11.16394990    -2.67470861
    -6.48154554     6.12625924
   -45.37501836   -16.67398107
     8.56934509   -14.44500303
    16.49756782     6.73642724
    35.39122975     9.29036807
    19.10958843     8.90124436
    -6.53834412   -14.24507742
     8.06422490   -32.58296502
    50.06681984   -16.51760580
    15.90066883    11.34914809
     5.84508770    -3.76195827
   -74.50686360     6.46188932
   -68.97320673    10.36852331
   -17.97747441     8.82654960
     1.44657190     4.71269535
   -54.20291661     9.89227682
    -3.88811417   -10.82502574
    52.26626962    -0.06374920
     1.44826054   -12.01977694
    13.04188373     5.53981718
     9.95526633   -19.36079333
    60.40631004     4.81631479
   -26.46493340    13.40897052
   -45.74366039     4.31442581
    40.29938455    14.30574950
   -35.51847487     1.98675902
     1.49885101   -22.58580324
     6.51014530    -2.92134553
   -25.59492512   -16.66155926
   -14.85389295   -18.35317433
     8.10681383    10.81664984
     4.49774405     4.14113931
    23.23204104   -12.26752021
    19.74322039     4.82657420
    13.08253202     7.17551953
   -20.08029934    -7.00310777
     1.70227463     5.31613480
    10.58245007     5.49106668
    -2.80362014    -4.30938956
    80.68888841     7.84007483
   -23.30938649   -17.03727964
    41.36718648    -2.42418122
    -6.41661995     2.47958584
   -76.58863056     9.92277999
    -4.63404998     1.14352959
    -8.07553973    -0.46132202
    16.73365891     7.58949759
    -5.80546017     2.30269286
    -3.59820281   -12.89807572
   -44.81879663    -9.19590186
   -35.96999510    -5.55844309
     5.59909620    -2.04698728
    17.35311682     3.11699135
     1.57557813    -9.15609955
   -17.32316455     7.60230254
   -43.64248012    -8.98050433
   -14.33403652    10.24224753
    33.63363530    17.68507030
    30.85042424     0.43371346
     8.02293660   -21.43713768
    38.79306891     3.19400379
   -19.70401488    14.81459595
   -27.58530688     1.39928643
   -29.24145280   -11.87682135
   -10.44675337     5.80418918
   -27.34088328    -4.60740403
    57.55175028    -7.72280634
   -13.61064615    -2.68594621
    -9.70722342     4.37154206

Done.
[noelle@localhost P1]$ 
