 72.7718   53.0388
 88.7626   97.1706
 96.0264   69.5289
 39.9320   -15.6649
 61.6752   53.4522
 80.9638   43.0587
 58.4066   33.5539
 87.2137   68.8501
 60.3681   33.4589
 67.1208   28.4579
 82.3709   64.0753
 73.5980   37.8944
 60.6833   35.1554
 77.2026   47.4608
 55.0578   53.6305
 69.1605   43.3320
 89.9532   33.6920
 78.9740   64.8212
 60.4153   47.6989
 97.0562   89.0172
 72.2127   89.6949
 64.4842   27.8500
108.8807   99.2832
 84.0553   102.0062
 67.0049   38.7261
 91.1751   81.1995
 62.3857   52.7912
 77.3559   64.4577
 90.2094   85.2808
 94.9096   61.6465
 63.5252   45.5152
 73.4901   45.2276
 34.4277   22.7180
 63.0652   68.4876
 85.3942   64.8924
 96.9651   80.0452
 88.5681   66.0905
 55.7611   55.2614
 47.0549   77.0264
 81.8042   105.5711
 89.1068   62.0906
 70.9994   60.8327
 40.1114   -14.0465
 46.2449   -11.1719
 70.1463   33.9021
 76.1860   52.8161
 53.1419   1.8979
 60.0446   55.8714
 97.1898   99.3381
 61.6478   61.0996
 82.6440   62.4820
 59.4798   72.1250
105.4592   103.9956
 69.9270   24.2591
 52.4823   12.0091
103.7524   81.8275
 55.5209   22.0460
 52.4919   66.3734
 72.0590   60.9945
 44.2290   39.8990
 48.0756   50.0693
 84.7864   55.5820
 77.1996   55.7502
 72.2148   80.1504
 85.3412   68.6579
 84.0854   61.7077
 55.3509   39.9101
 76.8369   52.7396
 81.3843   60.3691
 66.2429   53.5887
118.1258   120.1227
 45.0338   42.0709
 89.7441   91.0361
 70.3536   47.0890
 42.0882   -17.5684
 70.0750   49.2992
 66.9771   47.1032
 86.2523   64.6753
 70.5024   47.7076
 58.3868   57.1494
 41.2008   19.4999
 48.7413   25.3883
 72.3678   59.7701
 82.6727   67.4273
 64.1991   59.7928
 69.4064   35.0766
 41.9702   20.4154
 73.1798   36.3672
103.3894   74.3629
 87.0219   80.4834
 56.7192   71.4737
 93.3517   86.0186
 74.4948   29.4380
 58.9371   29.2300
 46.5816   34.3622
 71.2476   41.9416
 53.8388   32.4155
 93.1509   107.7217
 62.3044   43.3948
 70.3688   43.2933
